participant,rep,equipment_code,exercise_code,quality_code,timestamp,timestamp_ms,accelX,accelY,accelZ,accelMag,gyroX,gyroY,gyroZ,roll,pitch,yaw,filteredX,filteredY,filteredZ,filteredMag
11,1,1,3,2,00.000,0,7.0500,4.0400,1.9300,8.3516,-0.0295,0.0022,-0.2422,-53.69,67.25,117.31,7.9321,5.0790,2.1016,9.6505
11,1,1,3,2,00.130,130,7.7400,4.6700,2.1700,9.2965,-0.1091,-0.0153,0.0644,-53.63,67.75,117.50,7.9068,5.0251,2.1106,9.6034
11,1,1,3,2,00.260,260,8.1400,6.0900,2.2200,10.4056,-0.1604,-0.0229,-0.2880,-52.94,68.88,117.63,7.9376,5.1654,2.1250,9.7058
11,1,1,3,2,00.390,390,7.6300,6.7000,2.0100,10.3512,-0.0207,-0.1091,-0.5432,-50.00,70.31,115.38,7.8970,5.3676,2.1099,9.7789
11,1,1,3,2,00.520,520,6.7400,5.7200,1.9300,9.0483,0.0480,-0.0905,-0.1418,-47.50,70.19,113.31,7.7446,5.4141,2.0862,9.6769
11,1,1,3,2,00.651,651,6.8400,6.7100,2.2800,9.8493,0.0469,-0.0142,-0.6054,-45.13,70.50,110.88,7.6254,5.5848,2.1117,9.6848
11,1,1,3,2,00.781,781,6.1900,7.1800,2.5800,9.8247,0.0731,0.0153,-0.1865,-41.75,71.19,107.19,7.4362,5.7950,2.1734,9.6749
11,1,1,3,2,00.912,912,6.3100,6.6400,2.1900,9.4182,0.0698,0.0742,-0.2149,-41.06,71.13,106.06,7.2878,5.9064,2.1756,9.6297
11,1,1,3,2,01.084,1084,6.1900,7.5400,2.4900,10.0682,0.0229,0.1124,-0.2302,-38.31,72.38,102.25,7.1431,6.1217,2.2170,9.6651
11,1,1,3,2,01.214,1214,6.2400,8.2300,1.9800,10.5162,0.0349,0.0393,-0.1429,-37.38,72.94,100.81,7.0241,6.3995,2.1858,9.7504
11,1,1,3,2,01.344,1344,6.1700,7.9300,2.2100,10.2878,0.0622,0.0142,-0.3502,-36.06,72.94,99.31,6.9116,6.6012,2.1890,9.8050
11,1,1,3,2,01.475,1475,6.5400,9.1500,2.4400,11.5086,0.0164,-0.0295,0.1265,-34.69,72.81,98.50,6.8626,6.9370,2.2221,10.0078
11,1,1,3,2,01.605,1605,5.7400,8.2300,2.4700,10.3335,0.0120,-0.0731,-0.2542,-34.06,72.63,98.31,6.7147,7.1074,2.2547,10.0343
11,1,1,3,2,01.735,1735,5.2700,7.5600,2.4100,9.5255,-0.0065,-0.0284,0.1364,-33.88,72.25,98.69,6.5243,7.1671,2.2752,9.9554
11,1,1,3,2,01.865,1865,5.5500,7.6800,2.5700,9.8178,-0.0447,0.0262,-0.1429,-33.75,72.50,98.63,6.3959,7.2346,2.3140,9.9299
11,1,1,3,2,01.995,1995,5.7700,8.0500,2.4900,10.2125,-0.0654,0.0065,0.1320,-33.75,73.06,98.69,6.3134,7.3421,2.3372,9.9614
11,1,1,3,2,02.168,2168,5.8900,8.5800,2.5100,10.7055,-0.0556,0.0033,0.1571,-34.25,73.50,99.44,6.2576,7.5052,2.3600,10.0527
11,1,1,3,2,02.298,2298,6.0800,8.0600,2.2500,10.3437,-0.0545,0.0316,0.0971,-35.75,73.69,101.00,6.2342,7.5783,2.3455,10.0895
11,1,1,3,2,02.428,2428,6.5800,8.2000,2.4200,10.7885,-0.0469,0.0458,0.1407,-36.50,74.19,101.69,6.2798,7.6602,2.3553,10.1815
11,1,1,3,2,02.558,2558,5.5500,7.7500,1.7300,9.6880,-0.0644,-0.0207,-0.0284,-36.88,74.50,102.19,6.1836,7.6721,2.2729,10.1126
11,1,1,3,2,02.688,2688,5.5400,7.7900,1.9500,9.7559,-0.0284,0.0076,0.5607,-38.13,74.81,103.81,6.0988,7.6876,2.2304,10.0633
11,1,1,3,2,02.819,2819,6.6000,6.9900,1.8200,9.7843,0.0709,0.0851,0.1473,-41.50,74.06,106.88,6.1649,7.5957,2.1763,10.0218
11,1,1,3,2,02.949,2949,5.9600,6.2200,1.8800,8.8173,0.0731,0.0611,0.1298,-42.00,73.94,106.56,6.1379,7.4144,2.1372,9.8597
11,1,1,3,2,03.079,3079,5.6300,6.5000,1.8700,8.8002,0.0360,0.0720,0.3294,-43.06,73.75,107.19,6.0709,7.2939,2.1020,9.7199
11,1,1,3,2,03.252,3252,7.0300,5.5100,1.8100,9.1136,0.0229,0.1080,-0.1385,-46.88,73.63,110.06,6.1973,7.0588,2.0635,9.6173
11,1,1,3,2,03.383,3383,6.3000,6.5200,1.5000,9.1897,0.0076,0.0764,0.2989,-45.63,74.50,108.19,6.2109,6.9878,1.9893,9.5583
11,2,1,3,2,03.513,3513,8.3800,5.5500,1.7000,10.1940,0.0120,0.0654,0.5541,-50.81,73.38,112.94,6.4967,6.7984,1.9512,9.6037
11,2,1,3,2,03.644,3644,7.6400,5.5400,1.6400,9.5787,0.0131,0.0273,0.0545,-51.75,73.38,113.31,6.6473,6.6325,1.9102,9.5826
11,2,1,3,2,03.775,3775,8.0700,5.3000,1.7500,9.8121,0.0087,0.0142,0.2258,-53.38,72.81,114.44,6.8348,6.4569,1.8891,9.5904
11,2,1,3,2,03.905,3905,7.9700,5.3200,1.6900,9.7303,-0.0196,0.0175,0.0382,-53.88,72.75,114.69,6.9844,6.3071,1.8628,9.5933
11,2,1,3,2,04.036,4036,8.0500,5.2400,1.5200,9.7247,-0.0393,-0.0022,0.0120,-54.44,72.88,115.19,7.1248,6.1665,1.8177,9.5965
11,2,1,3,2,04.166,4166,7.5500,4.3600,1.4400,8.8366,-0.0262,-0.0229,-0.1080,-54.63,73.00,115.38,7.1809,5.9285,1.7679,9.4782
11,2,1,3,2,04.339,4339,8.7600,6.6800,2.3300,11.2601,-0.0044,-0.1145,0.4483,-52.50,73.19,113.69,7.3889,6.0275,1.8420,9.7118
11,2,1,3,2,04.474,4474,7.4300,4.6600,1.3200,8.8692,0.0764,-0.1364,-0.3163,-53.75,70.88,115.56,7.3944,5.8473,1.7732,9.5923
11,2,1,3,2,04.605,4605,6.0800,4.9600,1.6800,8.0244,0.0055,-0.0491,-0.0044,-50.81,70.88,112.81,7.2212,5.7304,1.7609,9.3853
11,2,1,3,2,04.735,4735,8.4100,5.2900,2.1600,10.1675,0.0000,-0.0087,0.2214,-52.75,69.88,114.94,7.3778,5.6723,1.8135,9.4814
11,2,1,3,2,04.866,4866,7.1300,4.8400,1.8500,8.8139,-0.0251,-0.0709,-0.5574,-51.06,70.19,113.44,7.3452,5.5627,1.8183,9.3915
11,2,1,3,2,04.996,4996,6.9700,6.1800,2.2000,9.5715,-0.0654,-0.0676,-0.3927,-47.69,71.38,110.56,7.2957,5.6440,1.8686,9.4114
11,2,1,3,2,05.127,5127,6.9800,6.9700,1.7900,10.0252,-0.0295,-0.0982,-0.4516,-44.81,72.06,108.25,7.2541,5.8187,1.8582,9.4833
11,2,1,3,2,05.257,5257,5.9800,7.3800,2.1500,9.7390,0.0033,-0.0480,-0.1996,-41.94,72.31,105.94,7.0862,6.0245,1.8967,9.4924
11,2,1,3,2,05.430,5430,6.0900,7.2800,2.3700,9.7828,0.0251,0.0862,-0.2313,-40.00,72.94,103.56,6.9549,6.1899,1.9591,9.5144
11,2,1,3,2,05.560,5560,6.7500,7.9000,2.1600,10.6131,0.0436,0.1254,-0.0807,-39.94,73.44,102.63,6.9279,6.4153,1.9855,9.6485
11,2,1,3,2,05.690,5690,6.6700,7.6500,2.0600,10.3564,0.0458,0.1473,0.1494,-39.50,74.00,101.13,6.8939,6.5780,1.9953,9.7354
11,2,1,3,2,05.820,5820,7.3200,7.5200,2.1600,10.7144,0.0175,0.0589,-0.2531,-40.00,74.38,100.75,6.9501,6.7021,2.0170,9.8636
11,2,1,3,2,05.950,5950,6.6000,7.6100,2.2300,10.3172,-0.0676,0.0044,0.0338,-38.81,74.94,99.88,6.9040,6.8217,2.0451,9.9188
11,2,1,3,2,06.080,6080,6.7800,8.2800,1.8400,10.8587,-0.1222,0.0022,-0.1167,-38.81,75.75,100.50,6.8876,7.0139,2.0181,10.0353
11,2,1,3,2,06.210,6210,7.5500,8.7400,1.5900,11.6584,-0.0153,-0.0567,0.2127,-39.31,76.00,101.75,6.9749,7.2414,1.9617,10.2438
11,2,1,3,2,06.341,6341,5.6800,7.7400,2.0000,9.8066,0.0840,-0.0993,-0.2989,-38.13,75.44,101.00,6.8043,7.3071,1.9667,10.1764
11,2,1,3,2,06.514,6514,6.3500,7.3000,1.9300,9.8660,-0.0022,0.0327,-0.0360,-37.94,75.00,100.69,6.7444,7.3061,1.9619,10.1349
11,2,1,3,2,06.645,6645,6.4500,7.4400,2.1000,10.0681,-0.0142,-0.0371,-0.0164,-38.13,75.06,100.94,6.7056,7.3238,1.9801,10.1254
11,2,1,3,2,06.775,6775,5.6700,7.4200,1.8000,9.5103,-0.0415,-0.0327,0.0196,-37.63,75.13,100.81,6.5691,7.3365,1.9564,10.0401
11,2,1,3,2,06.905,6905,5.9700,7.4700,2.0800,9.7861,-0.0524,0.0076,0.1963,-38.31,75.31,102.06,6.4902,7.3541,1.9726,10.0048
11,2,1,3,2,07.035,7035,5.7200,7.2000,1.6200,9.3372,-0.0709,0.0567,0.1604,-39.63,75.69,103.56,6.3887,7.3338,1.9262,9.9151
11,2,1,3,2,07.165,7165,5.5400,7.1700,1.2200,9.1427,-0.0153,0.0644,0.2662,-40.06,76.63,103.88,6.2769,7.3122,1.8331,9.8096
11,2,1,3,2,07.295,7295,6.0800,5.9500,1.6100,8.6580,0.0491,0.0436,0.3142,-42.88,76.19,106.31,6.2509,7.1327,1.8037,9.6541
11,2,1,3,2,07.425,7425,6.7800,6.5800,1.7100,9.6015,0.0436,0.0185,0.4996,-45.50,75.25,108.69,6.3206,7.0598,1.7914,9.6437
11,2,1,3,2,07.598,7598,7.1500,5.6900,1.9000,9.3332,0.0720,0.0458,0.1233,-49.56,73.69,112.25,6.4299,6.8793,1.8057,9.5880
11,2,1,3,2,07.728,7728,7.4900,5.1000,1.6000,9.2016,0.0545,0.0829,0.5007,-51.31,73.00,113.44,6.5696,6.6449,1.7786,9.5120
11,3,1,3,2,07.859,7859,8.5600,4.8400,1.7500,9.9881,0.0044,0.0916,0.1669,-54.44,72.44,116.06,6.8319,6.4070,1.7748,9.5328
11,3,1,3,2,07.989,7989,8.0100,5.2400,1.6400,9.7112,0.0033,0.0840,0.0033,-55.00,73.19,116.13,6.9871,6.2532,1.7570,9.5399
11,3,1,3,2,08.119,8119,8.7800,4.9800,1.5100,10.2063,0.0142,0.0524,0.2214,-56.25,73.44,116.88,7.2234,6.0855,1.7245,9.6013
11,3,1,3,2,08.249,8249,8.7000,4.8300,1.4500,10.0559,0.0360,-0.0305,-0.1811,-57.19,73.06,117.56,7.4180,5.9200,1.6883,9.6397
11,3,1,3,2,08.379,8379,8.1600,4.8300,1.5600,9.6098,0.0065,-0.0753,-0.0796,-55.50,73.06,116.00,7.5158,5.7764,1.6714,9.6253
11,3,1,3,2,08.509,8509,7.8600,5.2700,1.6500,9.6060,-0.0480,-0.1134,-0.4287,-55.00,72.50,115.94,7.5611,5.7097,1.6686,9.6205
11,3,1,3,2,08.682,8682,7.4500,5.4100,1.5900,9.3434,-0.0622,-0.1069,0.0033,-53.25,72.25,115.38,7.5465,5.6702,1.6582,9.5838
11,3,1,3,2,08.813,8813,6.5800,5.2900,1.5800,8.5893,-0.0654,-0.0622,-0.2389,-51.44,72.63,114.25,7.4191,5.6201,1.6479,9.4522
11,3,1,3,2,08.943,8943,7.3700,6.7100,1.9800,10.1618,-0.0305,-0.0011,0.0011,-49.94,73.31,113.06,7.4126,5.7637,1.6917,9.5409
11,3,1,3,2,09.073,9073,8.6400,6.2200,2.3000,10.8916,-0.0458,-0.0207,0.0535,-51.38,73.00,114.75,7.5744,5.8238,1.7718,9.7174
11,3,1,3,2,09.204,9204,5.8400,6.0900,1.5100,8.5717,-0.0469,-0.0262,-0.6709,-48.13,74.13,111.69,7.3458,5.8589,1.7373,9.5554
11,3,1,3,2,09.337,9337,6.3100,6.3500,1.1600,9.0269,0.0185,-0.0044,0.0949,-45.81,74.88,109.44,7.2093,5.9236,1.6613,9.4775
11,3,1,3,2,09.472,9472,7.5900,6.2500,1.8900,10.0121,0.0545,-0.0753,-0.1571,-46.63,74.06,110.13,7.2595,5.9666,1.6914,9.5479
11,3,1,3,2,09.602,9602,6.0800,6.7800,1.8600,9.2949,0.0665,-0.1134,-0.4331,-43.00,73.81,106.81,7.1041,6.0738,1.7136,9.5024
11,3,1,3,2,09.775,9775,6.7600,7.0300,2.1300,9.9828,0.0611,-0.1549,-0.4036,-40.88,72.81,105.13,7.0587,6.1998,1.7685,9.5599
11,3,1,3,2,09.905,9905,5.4100,7.3600,2.4200,9.4496,0.0469,-0.1691,-0.3043,-37.75,72.06,102.88,6.8415,6.3527,1.8543,9.5185
11,3,1,3,2,10.035,10035,5.6300,7.9300,2.8600,10.1371,0.0240,-0.0545,-0.1942,-35.69,71.63,101.63,6.6818,6.5605,1.9869,9.5726
11,3,1,3,2,10.165,10165,5.2900,7.4900,2.5800,9.5258,0.0044,-0.0469,-0.1353,-34.19,71.38,100.56,6.4984,6.6830,2.0650,9.5476
11,3,1,3,2,10.296,10296,5.4100,8.1000,2.5600,10.0713,-0.0382,-0.0622,0.0262,-33.69,71.38,100.69,6.3550,6.8697,2.1302,9.5978
11,3,1,3,2,10.426,10426,5.4900,8.4800,2.6800,10.4515,-0.0076,-0.0207,0.1124,-33.94,71.31,101.38,6.2410,7.0819,2.2027,9.6931
11,3,1,3,2,10.556,10556,5.9100,8.2800,2.8400,10.5618,0.0185,-0.0022,0.1200,-34.50,71.13,102.00,6.1974,7.2398,2.2867,9.8006
11,3,1,3,2,10.687,10687,6.0400,8.6200,2.8900,10.9150,0.0098,0.0305,0.1767,-35.06,71.00,102.50,6.1767,7.4217,2.3662,9.9414
11,3,1,3,2,10.859,10859,6.3000,7.6000,2.8200,10.2666,-0.0229,0.0207,-0.0960,-35.69,71.13,102.81,6.1929,7.4452,2.4260,9.9834
11,3,1,3,2,10.989,10989,5.7600,7.8200,2.6500,10.0674,-0.0382,-0.0229,-0.1953,-35.13,71.38,102.38,6.1359,7.4946,2.4555,9.9923
11,3,1,3,2,11.119,11119,5.5300,7.6800,2.5700,9.8065,-0.0785,0.0175,0.1124,-34.50,71.94,101.88,6.0560,7.5190,2.4706,9.9657
11,3,1,3,2,11.249,11249,6.2000,8.1000,2.4000,10.4790,-0.0644,-0.0153,0.0742,-35.38,72.38,102.94,6.0750,7.5956,2.4613,10.0328
11,3,1,3,2,11.379,11379,5.9500,7.7700,2.2400,10.0396,0.0033,-0.0175,0.1156,-35.94,72.19,103.81,6.0585,7.6186,2.4321,10.0331
11,3,1,3,2,11.510,11510,6.0800,8.4200,2.4800,10.6777,-0.0971,-0.0098,0.0251,-36.19,72.38,104.25,6.0614,7.7242,2.4384,10.1168
11,3,1,3,2,11.640,11640,6.1700,8.5700,2.5000,10.8519,-0.0862,0.0087,0.2214,-37.56,72.75,106.13,6.0757,7.8356,2.4465,10.2126
11,3,1,3,2,11.771,11771,5.5100,7.4900,2.4800,9.6234,0.0011,0.0785,0.3916,-39.69,72.88,108.25,6.0011,7.7901,2.4510,10.1344
11,3,1,3,2,11.943,11943,5.3000,5.4100,1.6700,7.7554,0.0153,0.1527,0.4058,-43.38,72.88,110.88,5.9087,7.4764,2.3480,9.8145
11,3,1,3,2,12.073,12073,6.4700,6.0900,1.8600,9.0779,0.0360,0.1440,0.4472,-45.75,73.00,112.31,5.9827,7.2937,2.2837,9.7060
11,3,1,3,2,12.203,12203,8.2500,5.4600,1.8900,10.0721,0.0295,0.1145,0.4418,-50.75,72.19,116.50,6.2815,7.0521,2.2318,9.7041
11,3,1,3,2,12.333,12333,7.5000,5.4000,1.8700,9.4290,0.0349,-0.0011,-0.2858,-50.06,72.63,114.88,6.4420,6.8344,2.1842,9.6426
11,3,1,3,2,12.463,12463,7.0900,5.7300,1.6900,9.2713,0.0273,-0.0393,0.1451,-49.94,72.25,114.50,6.5274,6.6889,2.1190,9.5832
11,3,1,3,2,12.594,12594,7.4500,5.2800,1.9200,9.3310,0.0000,0.0436,0.2934,-52.00,71.38,116.44,6.6490,6.5032,2.0928,9.5331
11,4,1,3,2,12.725,12725,7.8500,5.5900,2.0200,9.8464,-0.0349,0.1113,0.0774,-53.38,71.75,117.13,6.8073,6.3829,2.0832,9.5614
11,4,1,3,2,12.855,12855,8.2400,5.4100,1.8100,10.0221,0.0022,0.0818,0.1124,-54.31,72.44,117.44,6.9961,6.2547,2.0472,9.6050
11,4,1,3,2,13.028,13028,8.2400,5.3200,1.5400,9.9283,0.0284,0.0196,0.0142,-55.38,72.38,117.81,7.1600,6.1315,1.9804,9.6324
11,4,1,3,2,13.158,13158,8.2800,5.0600,1.6200,9.8380,0.0338,0.0076,0.0687,-55.31,72.44,117.38,7.3076,5.9903,1.9329,9.6447
11,4,1,3,2,13.288,13288,7.6800,4.7300,1.5500,9.1519,0.0153,-0.0087,-0.1898,-55.31,72.38,117.19,7.3566,5.8242,1.8824,9.5700
11,4,1,3,2,13.418,13418,7.5500,5.4700,1.2700,9.4094,0.0022,0.0273,-0.2389,-53.88,73.06,115.63,7.3821,5.7776,1.8017,9.5458
11,4,1,3,2,13.548,13548,7.8100,5.6700,2.4300,9.9524,0.0153,-0.0349,-0.4603,-52.25,73.81,113.75,7.4385,5.7634,1.8845,9.5968
11,4,1,3,2,13.678,13678,7.5000,6.1400,1.5700,9.8191,0.0185,-0.1505,-0.1767,-49.63,73.75,111.56,7.4466,5.8130,1.8431,9.6250
11,4,1,3,2,13.809,13809,6.2100,6.0800,1.7400,8.8633,0.0622,-0.1920,-0.2749,-47.06,72.81,109.88,7.2837,5.8482,1.8295,9.5184
11,4,1,3,2,13.939,13939,6.5300,5.8800,2.0900,9.0324,0.0665,-0.1254,-0.1974,-45.50,71.56,108.88,7.1843,5.8524,1.8638,9.4519
11,4,1,3,2,14.112,14112,6.1900,7.1500,2.3700,9.7496,-0.0262,-0.0436,-0.2422,-41.63,71.81,105.38,7.0533,6.0234,1.9305,9.4740
11,4,1,3,2,14.242,14242,6.1300,7.3900,2.2100,9.8526,-0.0556,-0.0469,-0.4069,-39.88,72.31,104.00,6.9316,6.2035,1.9674,9.5080
11,4,1,3,2,14.373,14373,5.6300,8.0200,2.2300,10.0494,-0.0807,0.0415,-0.0633,-38.00,73.31,102.38,6.7601,6.4428,2.0020,9.5508
11,4,1,3,2,14.503,14503,6.0900,7.9700,2.3200,10.2952,-0.0251,0.0458,-0.0011,-38.25,74.00,102.56,6.6718,6.6441,2.0439,9.6351
11,4,1,3,2,14.633,14633,6.1200,7.6300,2.2800,10.0434,0.0436,0.0556,0.1767,-38.44,73.94,102.50,6.5991,6.7740,2.0750,9.6820
11,4,1,3,2,14.763,14763,6.4800,7.6800,2.2000,10.2865,0.0611,0.1091,-0.0556,-38.94,74.06,102.19,6.5834,6.8934,2.0915,9.7588
11,4,1,3,2,14.893,14893,6.5400,7.7000,1.9700,10.2928,0.0338,0.0720,0.1113,-39.13,74.19,101.63,6.5777,6.9997,2.0755,9.8270
11,4,1,3,2,15.023,15023,6.7100,7.5200,2.1500,10.3052,-0.0011,0.0513,0.0393,-40.44,74.13,102.63,6.5951,7.0682,2.0853,9.8896
11,4,1,3,2,15.196,15196,7.1900,7.4800,2.0300,10.5720,-0.0305,0.0993,0.0251,-40.81,74.88,102.31,6.6735,7.1225,2.0780,9.9792
11,4,1,3,2,15.327,15327,7.2800,7.6200,2.0200,10.7305,-0.0731,0.0022,-0.0098,-41.44,75.56,102.81,6.7534,7.1881,2.0704,10.0779
11,4,1,3,2,15.457,15457,6.2400,8.0500,2.0000,10.3798,-0.0567,-0.0207,-0.0796,-40.88,76.06,102.63,6.6858,7.3016,2.0611,10.1124
11,4,1,3,2,15.590,15590,6.7600,8.0500,1.7700,10.6599,0.0022,0.0524,0.1331,-41.25,76.25,103.06,6.6956,7.4003,2.0227,10.1826
11,4,1,3,2,15.721,15721,6.9800,7.6900,1.6400,10.5141,0.0709,0.0262,0.1102,-41.56,76.38,102.88,6.7330,7.4384,1.9723,10.2252
11,4,1,3,2,15.855,15855,6.9600,6.8000,1.7300,9.8830,0.0425,-0.0502,0.1953,-42.94,75.50,104.19,6.7629,7.3543,1.9404,10.1778
11,4,1,3,2,15.986,15986,6.2500,6.9400,1.5800,9.4722,0.0055,-0.0087,0.1047,-43.81,74.81,105.25,6.6954,7.2997,1.8929,10.0845
11,4,1,3,2,16.117,16117,7.0200,6.4600,1.8800,9.7235,0.0098,0.0567,0.0905,-45.81,74.56,107.13,6.7381,7.1891,1.8912,10.0330
11,4,1,3,2,16.289,16289,6.0800,5.7000,1.6900,8.5037,-0.0196,0.0425,0.3611,-46.25,74.94,107.25,6.6514,6.9928,1.8647,9.8294
11,4,1,3,2,16.419,16419,7.0300,5.0500,1.8200,8.8451,-0.0644,0.0022,0.1909,-48.88,74.69,110.00,6.7013,6.7368,1.8588,9.6823
11,4,1,3,2,16.549,16549,7.0200,6.3200,1.9700,9.6490,-0.0742,-0.0153,0.0404,-48.50,75.13,109.94,6.7433,6.6819,1.8734,9.6762
11,4,1,3,2,16.679,16679,7.3500,6.4800,1.8200,9.9662,-0.0567,-0.0305,0.1669,-49.69,74.94,111.75,6.8232,6.6553,1.8664,9.7125
11,4,1,3,2,16.809,16809,7.3400,6.0200,1.4900,9.6092,-0.0360,-0.0131,0.2356,-50.88,74.69,113.38,6.8913,6.5716,1.8168,9.6942
11,4,1,3,2,16.939,16939,7.3400,5.5900,1.1500,9.2976,-0.0011,0.0262,0.2476,-52.06,74.69,114.56,6.9505,6.4422,1.7289,9.6333
11,4,1,3,2,17.070,17070,8.3900,5.3600,1.5000,10.0684,0.0000,0.0644,0.0796,-54.63,74.50,116.88,7.1402,6.2996,1.6988,9.6723
11,4,1,3,2,17.201,17201,7.8300,5.5100,1.7200,9.7277,0.0076,0.0295,0.2203,-54.63,74.94,116.63,7.2311,6.1956,1.7016,9.6731
11,4,1,3,2,17.373,17373,8.4800,4.6700,1.3000,9.7678,-0.0207,-0.0382,0.2323,-56.69,73.50,118.81,7.3956,5.9945,1.6486,9.6617
11,4,1,3,2,17.503,17503,8.5700,4.3900,1.2000,9.7035,-0.1025,-0.0927,0.3491,-59.50,72.31,122.31,7.5504,5.7831,1.5895,9.6426
11,4,1,3,2,17.633,17633,8.7700,4.8100,1.6900,10.1442,-0.0371,-0.0982,-0.0153,-60.63,71.06,124.50,7.7111,5.6549,1.6028,9.6957
11,4,1,3,2,17.763,17763,8.1100,4.0800,1.4900,9.1999,0.0262,-0.1069,-0.1745,-59.38,70.38,123.69,7.7637,5.4473,1.5879,9.6161
11,4,1,3,2,17.893,17893,7.3500,4.3900,1.3600,8.6686,0.0229,-0.0774,-0.6392,-56.63,70.63,121.13,7.7092,5.3080,1.5579,9.4886
11,4,1,3,2,18.024,18024,7.3500,5.6900,2.3400,9.5851,0.0807,-0.0807,-0.4036,-53.00,71.25,117.44,7.6618,5.3583,1.6609,9.4960
11,4,1,3,2,18.154,18154,7.1000,5.3600,2.4200,9.2193,0.1211,-0.1080,-0.0436,-50.63,70.50,114.94,7.5878,5.3586,1.7610,9.4546
11,4,1,3,2,18.285,18285,6.9100,5.4900,2.2600,9.1102,0.0731,-0.0829,-0.5629,-49.06,69.44,113.50,7.4985,5.3759,1.8267,9.4055
11,5,1,3,2,18.458,18458,7.2500,6.9200,2.2700,10.2763,0.0120,-0.0491,-0.0349,-45.06,70.13,109.38,7.4657,5.5794,1.8851,9.5090
11,5,1,3,2,18.589,18589,6.9800,6.5500,2.3400,9.8539,-0.0011,-0.0251,-0.4331,-44.25,70.13,108.75,7.4017,5.7073,1.9451,9.5468
11,5,1,3,2,18.719,18719,6.1300,7.0200,2.3400,9.6090,-0.0273,-0.0033,-0.3283,-41.06,71.19,105.44,7.2341,5.8803,1.9971,9.5341
11,5,1,3,2,18.850,18850,5.8600,6.9500,2.3300,9.3846,0.0011,0.0676,-0.1233,-39.38,71.69,103.63,7.0531,6.0212,2.0410,9.4956
11,5,1,3,2,18.981,18981,6.7700,7.3700,2.3500,10.2797,-0.0556,0.0862,0.0382,-39.19,72.56,102.94,7.0158,6.1990,2.0817,9.5907
11,5,1,3,2,19.111,19111,6.7400,7.5400,2.1600,10.3414,-0.0633,0.0360,-0.0742,-39.56,73.38,103.19,6.9794,6.3757,2.0920,9.6818
11,5,1,3,2,19.242,19242,6.1700,8.4900,2.1800,10.7192,-0.0284,0.0415,-0.1178,-38.25,74.31,102.38,6.8728,6.6543,2.1036,9.7949
11,5,1,3,2,19.372,19372,6.6100,7.7800,2.0600,10.4146,0.0360,0.0535,0.1178,-38.94,74.31,103.00,6.8381,6.8026,2.0979,9.8710
11,5,1,3,2,19.545,19545,7.0600,8.0600,2.1700,10.9323,0.0425,0.0196,0.2029,-39.75,74.19,103.56,6.8674,6.9683,2.1074,10.0080
11,5,1,3,2,19.680,19680,6.9900,7.5700,2.2800,10.5529,0.0436,-0.0011,-0.1222,-40.13,73.81,103.81,6.8835,7.0476,2.1301,10.0791
11,5,1,3,2,19.811,19811,6.8800,7.1700,2.2500,10.1885,0.0033,-0.0349,-0.2127,-39.38,73.69,103.00,6.8831,7.0637,2.1459,10.0935
11,5,1,3,2,19.941,19941,5.6200,7.5200,2.2600,9.6562,-0.0698,-0.0284,-0.1200,-37.63,74.13,101.69,6.7166,7.1239,2.1610,10.0266
11,5,1,3,2,20.072,20072,5.8500,7.8900,2.0000,10.0237,-0.0829,-0.0011,0.0753,-37.69,74.75,102.19,6.6024,7.2248,2.1397,10.0184
11,5,1,3,2,20.202,20202,6.3300,8.3300,1.8400,10.6228,-0.0153,0.0055,0.0938,-37.94,75.13,102.75,6.5665,7.3704,2.1002,10.0923
11,5,1,3,2,20.333,20333,6.3200,7.8200,1.9100,10.2344,0.0578,-0.0033,0.0044,-38.44,74.88,103.19,6.5340,7.4297,2.0752,10.1094
11,5,1,3,2,20.463,20463,5.7400,7.2400,2.0100,9.4554,0.0393,0.0295,0.2040,-39.00,74.38,103.50,6.4294,7.4047,2.0666,10.0219
11,5,1,3,2,20.636,20636,5.9100,6.8800,2.0300,9.2943,-0.0087,0.0884,0.3938,-40.75,74.31,104.75,6.3610,7.3356,2.0618,9.9259
11,5,1,3,2,20.766,20766,5.9000,6.3700,1.6900,8.8455,-0.0262,0.0938,0.2094,-43.38,74.50,107.00,6.3002,7.2083,2.0128,9.7828
11,5,1,3,2,20.896,20896,6.9400,5.8900,1.7800,9.2749,-0.0175,0.0644,0.5803,-45.94,74.50,109.25,6.3845,7.0346,1.9821,9.7045
11,5,1,3,2,21.026,21026,6.9000,5.8600,1.5600,9.1860,0.0022,-0.0033,0.1418,-48.38,73.94,111.63,6.4525,6.8798,1.9265,9.6269
11,5,1,3,2,21.156,21156,7.3500,5.5600,1.7000,9.3716,0.0185,0.0120,0.4189,-50.75,73.06,114.06,6.5707,6.7059,1.8966,9.5781
11,5,1,3,2,21.286,21286,8.1600,5.2600,1.7300,9.8613,0.0295,-0.0153,0.4287,-53.81,71.69,117.19,6.7802,6.5154,1.8747,9.5883
11,5,1,3,2,21.417,21417,7.9500,5.1400,1.7300,9.6237,0.0393,-0.0131,0.1593,-55.31,70.56,118.69,6.9343,6.3341,1.8556,9.5734
11,5,1,3,2,21.547,21547,8.3000,4.6900,2.0400,9.7492,0.0338,0.0065,0.3523,-57.38,69.19,120.25,7.1143,6.1175,1.8799,9.5692
11,5,1,3,2,21.720,21720,8.2100,4.5100,2.0900,9.5975,0.0131,0.0578,-0.1396,-58.31,68.75,120.56,7.2587,5.9056,1.9076,9.5501
11,5,1,3,2,21.850,21850,8.6300,5.0700,2.2900,10.2677,0.0567,0.0905,-0.1767,-57.19,69.31,118.81,7.4394,5.7955,1.9580,9.6315
11,5,1,3,2,21.980,21980,8.2900,5.0400,1.7500,9.8584,0.0447,0.0371,-0.6338,-55.06,70.75,115.75,7.5515,5.6960,1.9306,9.6538
11,5,1,3,2,22.110,22110,8.0700,4.9500,1.2600,9.5507,-0.0622,-0.0425,0.1658,-54.25,71.88,114.81,7.6198,5.5977,1.8422,9.6327
11,5,1,3,2,22.240,22240,7.9800,5.4800,1.6000,9.8118,-0.0840,-0.0611,-0.1549,-54.81,72.38,116.00,7.6673,5.5822,1.8103,9.6553
11,5,1,3,2,22.370,22370,7.0300,4.5700,1.4600,8.5110,-0.0927,-0.0382,-0.2400,-53.38,72.94,115.13,7.5833,5.4488,1.7641,9.5030
11,5,1,3,2,22.501,22501,8.0000,5.4200,1.4700,9.7743,-0.2269,0.0502,0.1451,-52.44,74.63,114.94,7.6382,5.4450,1.7254,9.5377
11,5,1,3,2,22.631,22631,6.9900,6.5400,1.5600,9.6987,-0.1069,-0.0764,-1.0123,-49.69,76.75,113.06,7.5528,5.5893,1.7036,9.5492
11,5,1,3,2,22.804,22804,5.4400,6.2100,1.5500,8.4000,-0.0164,-0.0676,-0.0644,-43.63,77.50,107.75,7.2744,5.6711,1.6833,9.3761
11,6,1,3,2,22.934,22934,6.6900,7.7200,1.9900,10.4074,0.0044,-0.0709,-0.3087,-42.38,77.31,106.88,7.1974,5.9411,1.7238,9.4905
11,6,1,3,2,23.064,23064,5.6200,7.6400,1.3700,9.5828,0.0109,-0.1178,-0.4909,-39.19,77.19,104.19,6.9895,6.1650,1.6771,9.4696
11,6,1,3,2,23.194,23194,5.3800,8.0300,1.6400,9.8038,0.0251,-0.0316,0.0273,-37.38,77.00,102.75,6.7774,6.4107,1.6722,9.4777
11,6,1,3,2,23.324,23324,6.7600,7.9300,1.6300,10.5470,-0.0087,-0.0055,0.1342,-38.56,76.75,103.94,6.7751,6.6109,1.6667,9.6117
11,6,1,3,2,23.454,23454,6.3000,8.5000,1.9500,10.7584,0.0436,-0.0545,0.0916,-38.44,76.31,104.13,6.7125,6.8599,1.7040,9.7478
11,6,1,3,2,23.585,23585,7.0100,8.1300,2.3300,10.9848,0.1680,-0.0273,0.1178,-39.44,74.94,104.94,6.7517,7.0272,1.7865,9.9075
11,6,1,3,2,23.715,23715,6.9000,8.1600,2.2100,10.9124,0.0753,-0.0251,-0.1429,-39.25,73.94,104.44,6.7713,7.1765,1.8423,10.0372
11,6,1,3,2,23.888,23888,6.0200,7.2600,2.0700,9.6557,0.0033,-0.0502,-0.1396,-38.94,73.25,104.25,6.6723,7.1875,1.8723,9.9842
11,6,1,3,2,24.019,24019,5.8600,6.7100,2.4300,9.2341,0.0065,-0.0240,0.0415,-38.38,73.06,103.88,6.5652,7.1246,1.9458,9.8817
11,6,1,3,2,24.149,24149,5.8600,7.5400,2.1900,9.7973,-0.0065,0.0011,-0.0295,-38.44,73.00,104.00,6.4723,7.1793,1.9780,9.8664
11,6,1,3,2,24.279,24279,6.1700,7.2800,2.5900,9.8881,-0.0349,0.0360,-0.2574,-37.75,73.50,103.19,6.4325,7.1926,2.0586,9.8665
11,6,1,3,2,24.409,24409,7.1600,8.4000,2.1700,11.2488,-0.0938,0.0316,0.2618,-37.94,74.13,103.38,6.5283,7.3517,2.0733,10.0481
11,6,1,3,2,24.539,24539,6.8900,7.7200,2.5000,10.6452,-0.0055,-0.0164,-0.3087,-37.56,74.63,103.06,6.5760,7.4002,2.1295,10.1263
11,6,1,3,2,24.669,24669,5.3700,8.1500,2.1000,9.9835,0.0011,-0.0535,-0.5171,-34.56,74.88,100.38,6.4171,7.4990,2.1256,10.0962
11,6,1,3,2,24.800,24800,4.6800,8.7300,1.9200,10.0897,-0.0295,0.0360,-0.2520,-31.25,75.44,96.94,6.1882,7.6612,2.0985,10.0694
11,6,1,3,2,24.972,24972,4.5200,8.1500,2.1700,9.5688,-0.0022,0.0851,-0.1985,-29.63,76.19,94.75,5.9683,7.7256,2.1080,9.9875
11,6,1,3,2,25.102,25102,4.7500,8.6500,2.0300,10.0750,-0.0567,0.1025,-0.0218,-29.19,76.88,93.69,5.8078,7.8475,2.0977,9.9857
11,6,1,3,2,25.232,25232,4.9800,9.1900,2.0300,10.6479,-0.0524,0.1124,0.0840,-29.75,77.75,93.75,5.6987,8.0244,2.0888,10.0612
11,6,1,3,2,25.362,25362,4.7400,9.1200,1.6700,10.4130,-0.0065,0.0938,0.2378,-30.31,78.44,93.75,5.5724,8.1687,2.0336,10.0953
11,6,1,3,2,25.492,25492,5.2800,7.7300,1.7100,9.5161,0.0295,0.0720,0.5749,-33.63,78.25,96.56,5.5339,8.1109,1.9909,10.0187
11,6,1,3,2,25.622,25622,5.0600,7.2000,1.5600,8.9374,0.0087,0.0698,0.3774,-36.81,78.06,99.31,5.4714,7.9909,1.9342,9.8758
11,6,1,3,2,25.768,25768,5.2100,6.1900,1.2800,8.1914,-0.0087,0.0535,0.7167,-40.69,77.88,102.81,5.4370,7.7536,1.8480,9.6485
11,6,1,3,2,25.903,25903,7.3800,5.8800,1.5000,9.5545,-0.0164,0.0578,0.8498,-47.69,76.94,109.75,5.6930,7.5067,1.8021,9.5921
11,6,1,3,2,26.076,26076,7.4700,5.2500,1.3800,9.2341,-0.0436,0.0436,0.6392,-52.63,76.31,114.69,5.9272,7.2093,1.7465,9.4950
11,6,1,3,2,26.206,26206,8.6200,5.2600,1.1600,10.1645,-0.0316,0.0807,0.3109,-56.13,75.94,118.13,6.2820,6.9524,1.6692,9.5177
11,6,1,3,2,26.336,26336,8.0300,5.1600,1.2400,9.6252,-0.0142,0.0175,-0.0829,-56.88,76.44,118.75,6.5124,6.7162,1.6126,9.4931
11,7,1,3,2,26.466,26466,8.8000,4.7300,1.3000,10.0749,-0.0087,-0.0131,0.5378,-59.00,75.69,121.00,6.8138,6.4545,1.5714,9.5162
11,7,1,3,2,26.596,26596,8.6000,4.6700,1.2900,9.8708,-0.0011,-0.0469,-0.2138,-59.75,74.94,122.00,7.0492,6.2194,1.5344,9.5250
11,7,1,3,2,26.726,26726,8.2000,4.7300,1.3900,9.5679,-0.0295,-0.0611,-0.0535,-58.88,74.69,121.38,7.2008,6.0231,1.5153,9.5093
11,7,1,3,2,26.857,26857,8.0400,5.0700,1.4500,9.6150,-0.0513,-0.0349,-0.0284,-58.25,74.69,121.25,7.3114,5.8975,1.5067,9.5135
11,7,1,3,2,26.987,26987,8.1800,5.1100,1.4200,9.7489,0.0055,-0.0022,0.1364,-58.25,74.69,121.44,7.4259,5.7937,1.4953,9.5366
11,7,1,3,2,27.160,27160,8.5800,4.4500,1.4200,9.7691,-0.0175,-0.0360,-0.0665,-59.25,73.88,122.56,7.5780,5.6167,1.4854,9.5487
11,7,1,3,2,27.290,27290,8.1700,4.4000,1.4100,9.3860,-0.0076,-0.0273,-0.1560,-58.75,73.75,122.31,7.6560,5.4563,1.4754,9.5164
11,7,1,3,2,27.420,27420,6.9900,5.0100,1.0100,8.6591,0.0055,0.0142,-0.3142,-56.50,74.44,120.13,7.5682,5.3975,1.4141,9.4027
11,7,1,3,2,27.550,27550,8.1800,6.2800,1.9000,10.4862,0.0436,0.0262,-0.1844,-55.19,75.38,118.44,7.6488,5.5138,1.4781,9.5442
11,7,1,3,2,27.680,27680,7.6000,4.7900,1.1800,9.0607,0.1254,-0.0709,-0.4614,-54.75,74.63,117.63,7.6424,5.4184,1.4388,9.4782
11,7,1,3,2,27.811,27811,6.6900,5.5700,1.5400,8.8404,0.1593,-0.0993,-0.1876,-50.19,74.38,112.69,7.5169,5.4384,1.4522,9.3909
11,7,1,3,2,27.941,27941,8.2100,5.6200,2.2500,10.2005,0.1418,-0.1702,-0.2302,-49.94,72.13,112.50,7.6082,5.4623,1.5573,9.4946
11,7,1,3,2,28.071,28071,6.3500,5.8900,1.7000,8.8264,0.0513,-0.1080,-0.7767,-45.06,71.88,107.81,7.4424,5.5187,1.5761,9.3984
11,7,1,3,2,28.244,28244,5.8000,7.7700,2.3000,9.9651,-0.0338,0.0076,-0.4342,-39.50,73.13,102.38,7.2260,5.8154,1.6715,9.4248
11,7,1,3,2,28.374,28374,5.9700,7.2500,2.3000,9.6692,-0.0349,-0.0011,0.0807,-38.06,73.75,101.00,7.0605,6.0044,1.7543,9.4330
11,7,1,3,2,28.504,28504,6.2000,7.9800,1.9000,10.2825,-0.0687,-0.0644,-0.0894,-38.44,73.88,101.88,6.9471,6.2647,1.7735,9.5213
11,7,1,3,2,28.634,28634,6.1800,7.9000,2.1300,10.2537,-0.0131,-0.0393,0.0480,-38.50,73.81,102.44,6.8460,6.4802,1.8205,9.6008
11,7,1,3,2,28.764,28764,5.7500,7.7900,2.3200,9.9564,-0.0524,-0.0033,-0.0851,-37.50,74.19,101.56,6.7016,6.6528,1.8863,9.6296
11,7,1,3,2,28.895,28895,6.7200,7.8500,1.9900,10.5234,-0.0491,0.0011,0.0894,-38.31,74.38,102.56,6.7040,6.8106,1.9000,9.7436
11,7,1,3,2,29.025,29025,6.2900,8.2100,2.2800,10.5909,0.0087,-0.0185,0.1364,-38.31,74.56,102.75,6.6495,6.9950,1.9501,9.8462
11,7,1,3,2,29.156,29156,6.2300,7.2400,2.1600,9.7927,0.0382,0.0644,-0.0447,-38.94,74.25,103.19,6.5942,7.0273,1.9777,9.8375
11,7,1,3,2,29.328,29328,6.3700,7.1000,2.0200,9.7502,0.0153,0.0742,0.1374,-38.94,74.75,102.31,6.5646,7.0369,1.9833,9.8257
11,7,1,3,2,29.458,29458,6.1200,7.8400,2.0000,10.1449,-0.0207,0.0676,-0.1102,-39.25,75.19,102.19,6.5060,7.1427,1.9855,9.8635
11,7,1,3,2,29.588,29588,6.7300,7.8600,1.7300,10.4912,-0.0033,0.0753,0.1331,-39.69,75.69,102.19,6.5356,7.2372,1.9518,9.9449
11,7,1,3,2,29.718,29718,6.6300,7.5500,2.0000,10.2450,0.0185,0.0458,0.0556,-40.56,75.88,102.69,6.5480,7.2784,1.9582,9.9843
11,7,1,3,2,29.848,29848,6.4500,7.4200,1.6800,9.9740,0.0065,0.0469,0.0698,-41.00,75.88,102.88,6.5351,7.2971,1.9215,9.9823
11,7,1,3,2,29.978,29978,6.6900,7.6000,1.9600,10.3130,-0.0425,0.0774,0.1614,-41.63,76.44,103.13,6.5555,7.3370,1.9266,10.0259
11,7,1,3,2,30.109,30109,6.1900,6.8700,1.4600,9.3619,-0.0229,0.0415,0.3240,-43.31,76.75,104.69,6.5073,7.2755,1.8651,9.9376
11,7,1,3,2,30.239,30239,6.7100,6.4700,1.3300,9.4156,0.0022,0.0611,0.4625,-46.69,76.50,107.94,6.5340,7.1693,1.7946,9.8648
11,7,1,3,2,30.412,30412,7.0700,5.5200,1.4400,9.0845,0.0196,0.0480,0.3752,-50.81,75.94,111.56,6.6047,6.9520,1.7479,9.7471
11,7,1,3,2,30.543,30543,6.0900,4.6400,1.4500,7.7923,0.0175,0.0295,0.1473,-52.31,75.69,112.81,6.5368,6.6473,1.7086,9.4782
11,7,1,3,2,30.674,30674,7.4300,4.2200,1.3900,8.6571,-0.0371,-0.0207,0.8759,-55.31,74.50,116.00,6.6545,6.3275,1.6666,9.3326
11,7,1,3,2,30.804,30804,8.5600,4.3300,1.5600,9.7189,-0.0436,-0.0371,0.0513,-59.75,72.38,121.13,6.9056,6.0642,1.6526,9.3378
11,7,1,3,2,30.934,30934,7.4900,4.1900,1.1800,8.6631,-0.0513,-0.0055,0.1538,-58.88,72.81,120.56,6.9826,5.8173,1.5903,9.2264
11,8,1,3,2,31.064,31064,9.1500,4.0100,1.5100,10.1036,-0.0633,0.0425,0.3665,-61.94,71.94,124.00,7.2682,5.5791,1.5797,9.2978
11,8,1,3,2,31.194,31194,8.0500,4.4200,1.2900,9.2738,-0.0415,0.0273,-0.2149,-61.25,73.13,123.44,7.3713,5.4264,1.5415,9.2821
11,8,1,3,2,31.324,31324,8.7500,4.2300,1.3000,9.8054,-0.0098,0.0218,0.1593,-62.19,73.13,124.38,7.5529,5.2687,1.5097,9.3320
11,8,1,3,2,31.497,31497,8.4500,4.2200,1.3100,9.5356,0.0065,-0.0153,0.0665,-61.94,73.31,124.06,7.6712,5.1305,1.4834,9.3472
11,8,1,3,2,31.627,31627,8.7000,4.1000,1.2700,9.7012,-0.0131,-0.0415,-0.0840,-62.13,72.88,124.44,7.8067,4.9947,1.4553,9.3814
11,8,1,3,2,31.757,31757,8.3500,4.2300,1.2100,9.4382,-0.0349,-0.0425,-0.0916,-61.44,72.81,124.13,7.8783,4.8940,1.4230,9.3832
11,8,1,3,2,31.887,31887,8.1200,4.1000,1.3000,9.1888,-0.0316,-0.0436,-0.2476,-60.56,73.06,123.50,7.9102,4.7893,1.4068,9.3535
11,8,1,3,2,32.017,32017,7.5500,4.2700,1.0200,8.7336,-0.0316,-0.0469,-0.3371,-58.19,74.19,121.44,7.8627,4.7209,1.3558,9.2708
11,8,1,3,2,32.147,32147,7.6300,5.4500,1.9100,9.5691,0.0055,-0.1036,-0.5520,-54.81,75.00,118.38,7.8320,4.8170,1.4288,9.3051
11,8,1,3,2,32.277,32277,7.1700,5.1200,1.5100,8.9389,-0.0120,-0.1549,-0.3807,-52.63,74.44,116.75,7.7448,4.8569,1.4395,9.2544
11,8,1,3,2,32.408,32408,6.4300,5.0700,1.5000,8.3247,-0.0175,-0.1942,-0.2073,-49.25,74.00,114.38,7.5715,4.8850,1.4475,9.1261
11,8,1,3,2,32.581,32581,6.7000,6.7300,1.7700,9.6600,-0.0447,-0.0371,-0.5116,-45.88,74.38,111.94,7.4567,5.1281,1.4900,9.1717
11,8,1,3,2,32.711,32711,6.3100,7.3000,1.8200,9.8193,-0.0327,-0.0589,-0.2094,-43.25,74.81,109.75,7.3056,5.4143,1.5335,9.2216
11,8,1,3,2,32.842,32842,6.2000,7.5900,1.9600,9.9945,-0.0142,0.0327,-0.3665,-41.06,75.63,107.75,7.1599,5.7010,1.5897,9.2894
11,8,1,3,2,32.972,32972,6.3100,7.4600,1.7700,9.9298,0.0709,0.0687,0.1396,-39.81,76.25,106.06,7.0479,5.9328,1.6134,9.3528
11,8,1,3,2,33.103,33103,6.0700,6.6400,1.7100,9.1574,0.0567,0.0633,0.0153,-40.19,76.00,105.69,6.9190,6.0260,1.6262,9.3183
11,8,1,3,2,33.234,33234,7.1200,7.4500,1.8600,10.4717,0.0065,0.0349,0.2029,-41.25,76.00,106.31,6.9455,6.2136,1.6570,9.4655
11,8,1,3,2,33.364,33364,7.2800,7.6500,2.0100,10.7499,0.0502,0.0065,-0.0436,-42.19,75.69,107.13,6.9896,6.4029,1.7035,9.6309
11,8,1,3,2,33.495,33495,6.5500,7.2500,1.8800,9.9498,0.1014,0.0153,-0.0829,-41.25,75.38,105.75,6.9317,6.5145,1.7268,9.6679
11,8,1,3,2,33.672,33672,6.6700,6.7600,1.9600,9.6968,0.0087,-0.0055,-0.0415,-41.13,74.56,105.19,6.8972,6.5469,1.7575,9.6707
11,8,1,3,2,33.802,33802,6.2300,7.1400,1.9700,9.6785,-0.0567,0.0262,0.0164,-40.75,74.88,104.88,6.8093,6.6250,1.7855,9.6667
11,8,1,3,2,33.934,33934,6.8500,7.3300,1.8100,10.1945,-0.0262,0.0349,-0.0175,-41.38,75.31,105.50,6.8146,6.7179,1.7887,9.7350
11,8,1,3,2,34.064,34064,7.1400,6.9800,1.8200,10.1495,-0.0076,0.0087,-0.1254,-41.63,75.38,105.56,6.8575,6.7525,1.7928,9.7896
11,8,1,3,2,34.194,34194,6.0200,7.4200,1.7600,9.7157,-0.0567,0.0262,-0.1014,-40.13,76.00,104.00,6.7471,6.8404,1.7885,9.7731
11,8,1,3,2,34.325,34325,7.3400,7.5000,1.8400,10.6542,-0.0240,0.0044,0.0905,-41.56,76.06,105.56,6.8253,6.9273,1.7953,9.8892
11,8,1,3,2,34.455,34455,6.4900,7.3200,1.8800,9.9618,-0.0524,0.0076,-0.0720,-40.75,76.50,104.81,6.7811,6.9791,1.8065,9.8972
11,8,1,3,2,34.586,34586,5.5700,6.8800,1.7200,9.0176,-0.1200,0.0371,-0.0131,-40.44,77.13,104.81,6.6215,6.9660,1.7951,9.7771
11,8,1,3,2,34.759,34759,7.5900,7.9800,1.2300,11.0816,-0.2498,0.1560,0.3436,-42.88,79.63,107.44,6.7491,7.0996,1.7206,9.9457
11,8,1,3,2,34.890,34890,6.7000,7.9100,0.7100,10.3905,0.0022,-0.0022,-0.1167,-43.81,80.75,108.56,6.7427,7.2064,1.5874,9.9958
11,8,1,3,2,35.020,35020,6.0300,6.5100,0.7400,8.9044,0.1418,0.0076,0.3327,-44.44,80.00,108.75,6.6487,7.1147,1.4758,9.8490
11,8,1,3,2,35.151,35151,5.9100,5.4400,1.0400,8.0996,0.1691,-0.0753,0.3491,-47.00,78.06,110.81,6.5514,6.8940,1.4183,9.6156
11,8,1,3,2,35.281,35281,6.7500,5.3800,1.3900,8.7429,0.1156,-0.0436,0.6447,-50.31,75.69,114.00,6.5776,6.6945,1.4146,9.4911
11,8,1,3,2,35.412,35412,7.4100,4.5000,1.4300,8.7865,0.0633,-0.0502,0.4985,-54.44,72.94,118.06,6.6873,6.4053,1.4166,9.3677
11,8,1,3,2,35.543,35543,8.2200,4.3100,1.8600,9.4659,0.0000,-0.0033,0.5007,-57.75,70.94,121.56,6.8892,6.1292,1.4751,9.3383
11,8,1,3,2,35.673,35673,8.1000,4.2700,1.7900,9.3299,-0.0295,-0.0065,0.1233,-59.56,69.69,123.56,7.0488,5.8842,1.5166,9.3064
11,9,1,3,2,35.846,35846,8.6100,4.0600,1.6600,9.6629,-0.0349,0.0284,0.1364,-61.75,68.69,126.00,7.2545,5.6438,1.5355,9.3187
11,9,1,3,2,35.980,35980,8.4900,4.3500,1.6400,9.6795,-0.0305,0.0469,-0.0469,-61.63,69.50,125.88,7.4173,5.4733,1.5492,9.3474
11,9,1,3,2,36.111,36111,8.4800,4.4400,1.4400,9.6798,0.0087,0.0218,-0.0491,-61.13,70.50,125.19,7.5574,5.3372,1.5348,9.3784
11,9,1,3,2,36.242,36242,8.6800,4.1100,1.5100,9.7219,0.0262,-0.0175,-0.0764,-61.31,70.31,125.25,7.7053,5.1755,1.5316,9.4076
11,9,1,3,2,36.373,36373,8.2800,4.4400,1.5600,9.5239,0.0491,-0.0535,-0.2127,-60.19,70.38,124.00,7.7810,5.0785,1.5353,9.4177
11,9,1,3,2,36.503,36503,8.2200,4.3500,1.7400,9.4614,0.0556,-0.0687,-0.0916,-59.06,69.81,122.94,7.8389,4.9825,1.5623,9.4188
11,9,1,3,2,36.634,36634,7.6200,4.1700,1.4900,8.8133,-0.0120,-0.0295,-0.5149,-57.13,70.13,121.00,7.8100,4.8755,1.5528,9.3369
11,9,1,3,2,36.764,36764,7.1400,4.8400,1.8700,8.8262,-0.0382,-0.0142,-0.4211,-54.06,71.88,118.00,7.7217,4.8708,1.5946,9.2678
11,9,1,3,2,36.937,36937,6.6300,5.7900,1.5600,8.9395,-0.0938,0.0033,-0.0862,-50.25,73.63,114.63,7.5779,4.9919,1.5900,9.2126
11,9,1,3,2,37.067,37067,6.5300,5.6200,1.1700,8.6945,-0.0753,0.0545,-0.4112,-48.94,75.13,113.38,7.4398,5.0747,1.5347,9.1355
11,9,1,3,2,37.197,37197,7.2100,6.8400,1.6400,10.0727,-0.0545,-0.0109,-0.1473,-46.56,76.63,111.13,7.4095,5.3073,1.5485,9.2448
11,9,1,3,2,37.327,37327,6.4200,7.0600,1.1900,9.6164,0.0098,-0.0447,-0.3731,-44.63,76.94,109.50,7.2791,5.5383,1.5013,9.2689
11,9,1,3,2,37.457,37457,6.4400,7.2400,1.5100,9.8067,0.0273,0.0098,-0.1516,-43.50,76.94,108.44,7.1685,5.7625,1.5024,9.3194
11,9,1,3,2,37.587,37587,6.4100,7.4700,1.5300,9.9614,0.0175,0.0654,-0.1614,-41.56,77.56,106.06,7.0686,5.9875,1.5061,9.3853
11,9,1,3,2,37.718,37718,6.9600,7.6000,1.4800,10.4111,0.0480,0.0022,0.0273,-42.13,77.50,106.31,7.0543,6.2000,1.5026,9.5111
11,9,1,3,2,37.848,37848,6.3700,7.2400,1.6300,9.7802,0.0611,0.0131,0.0600,-41.69,77.13,105.63,6.9641,6.3370,1.5194,9.5376
11,9,1,3,2,38.021,38021,6.8200,7.3100,1.7200,10.1443,0.0316,0.0665,0.1004,-43.13,76.69,106.63,6.9451,6.4653,1.5459,9.6137
11,9,1,3,2,38.151,38151,7.4900,7.1200,1.6200,10.4603,0.0447,0.0774,0.0709,-43.75,76.81,106.56,7.0169,6.5515,1.5556,9.7252
11,9,1,3,2,38.281,38281,6.7900,6.7000,1.6400,9.6790,0.0153,0.0033,0.0316,-43.81,77.00,106.25,6.9870,6.5711,1.5667,9.7187
11,9,1,3,2,38.411,38411,6.4100,6.1700,1.6800,9.0542,0.0033,-0.0033,0.0262,-44.25,76.88,106.75,6.9110,6.5182,1.5817,9.6307
11,9,1,3,2,38.541,38541,7.1100,6.6800,1.5100,9.8719,-0.0447,0.0164,0.1789,-45.13,76.94,107.75,6.9372,6.5396,1.5722,9.6624
11,9,1,3,2,38.671,38671,7.5000,7.2200,1.4900,10.5166,-0.0327,0.0229,-0.0305,-45.19,77.56,107.88,7.0114,6.6292,1.5614,9.7747
11,9,1,3,2,38.802,38802,7.8300,7.9200,1.4000,11.2248,0.0055,-0.0207,-0.0295,-44.88,77.81,107.69,7.1192,6.7993,1.5401,9.9643
11,9,1,3,2,38.932,38932,7.1700,7.5900,2.0400,10.6385,0.0458,-0.0033,-0.0491,-44.00,77.69,106.69,7.1259,6.9035,1.6060,10.0507
11,9,1,3,2,39.105,39105,6.9500,6.2000,1.2900,9.4025,-0.0262,-0.0502,-0.0284,-45.50,76.88,108.44,7.1027,6.8108,1.5644,9.9641
11,9,1,3,2,39.235,39235,6.4900,6.3200,1.4800,9.1789,-0.0338,-0.0284,0.0033,-45.13,76.88,108.44,7.0220,6.7461,1.5532,9.8606
11,9,1,3,2,39.366,39366,6.4300,6.4600,1.5300,9.2422,-0.0535,0.0120,0.0502,-45.25,77.13,108.75,6.9440,6.7084,1.5502,9.7788
11,9,1,3,2,39.496,39496,6.8200,7.1100,1.4300,9.9554,-0.0589,0.0425,0.1789,-45.81,77.69,109.44,6.9277,6.7613,1.5343,9.8011
11,9,1,3,2,39.626,39626,6.8600,6.4700,1.7100,9.5836,-0.0185,0.0196,0.3109,-47.63,77.94,111.31,6.9187,6.7229,1.5575,9.7720
11,9,1,3,2,39.756,39756,5.7700,4.8600,1.1000,7.6238,0.0305,-0.0447,0.2880,-49.25,77.31,113.00,6.7674,6.4775,1.4972,9.4866
11,9,1,3,2,39.886,39886,7.9400,5.4100,1.2900,9.6941,0.0818,-0.0098,0.7996,-53.50,75.50,117.25,6.9219,6.3368,1.4699,9.4988
11,9,1,3,2,40.016,40016,7.6400,4.6900,1.4100,9.0749,0.1102,-0.0382,-0.0076,-55.69,73.63,119.06,7.0165,6.1198,1.4620,9.4245
11,9,1,3,2,40.189,40189,8.2500,4.4100,1.5500,9.4823,0.0447,-0.0109,0.4385,-57.63,71.50,120.88,7.1791,5.8945,1.4736,9.4051
11,9,1,3,2,40.320,40320,8.0100,4.4700,1.9100,9.3696,0.0153,-0.0120,-0.1844,-58.56,70.56,121.75,7.2886,5.7068,1.5311,9.3827
11,9,1,3,2,40.450,40450,8.1000,4.5800,1.8200,9.4815,-0.0142,0.0164,0.2018,-58.81,70.38,122.00,7.3955,5.5583,1.5692,9.3835
11,9,1,3,2,40.580,40580,8.1400,4.5600,1.6300,9.4715,-0.0502,0.0295,0.0982,-59.50,70.38,122.75,7.4936,5.4267,1.5772,9.3857
11,9,1,3,2,40.710,40710,8.5000,4.1700,1.4900,9.5843,-0.0295,0.0185,0.0818,-60.63,70.44,124.00,7.6262,5.2611,1.5657,9.3963
11,9,1,3,2,40.840,40840,8.0200,4.1500,1.4200,9.1411,-0.0196,0.0393,0.1244,-60.94,70.81,124.31,7.6781,5.1147,1.5465,9.3544
11,9,1,3,2,40.970,40970,8.7300,3.7300,1.4000,9.5961,0.0076,0.0545,0.1167,-62.44,70.81,125.56,7.8167,4.9322,1.5272,9.3681
11,9,1,3,2,41.101,41101,8.8200,3.4200,1.4800,9.5749,0.0076,0.0131,-0.3098,-63.06,71.19,125.88,7.9489,4.7330,1.5210,9.3755
11,9,1,3,2,41.273,41273,7.3700,4.6100,1.5800,8.8355,-0.0175,-0.0785,-0.7549,-57.69,73.69,120.63,7.8726,4.7168,1.5288,9.3039
11,9,1,3,2,41.403,41403,6.4800,5.8100,1.0400,8.7652,0.0044,-0.0818,-0.5738,-52.56,74.94,115.75,7.6891,4.8608,1.4643,9.2138
11,9,1,3,2,41.533,41533,6.8300,6.1300,1.6200,9.3193,0.0545,-0.1287,-0.4091,-49.19,74.81,112.69,7.5759,5.0281,1.4849,9.2131
11,9,1,3,2,41.663,41663,5.9000,5.9700,1.5100,8.5282,-0.0033,-0.0796,-0.5552,-45.56,74.69,109.44,7.3551,5.1522,1.4882,9.1026
11,10,1,3,2,41.793,41793,6.5800,7.1600,1.9400,9.9159,-0.0753,-0.0567,-0.1887,-43.06,75.31,107.44,7.2529,5.4168,1.5477,9.1838
11,10,1,3,2,41.924,41924,6.0700,7.9500,1.9100,10.1831,-0.0687,-0.0927,-0.4625,-40.38,75.94,105.44,7.0971,5.7506,1.5955,9.2727
11,10,1,3,2,42.054,42054,5.8000,7.8500,1.7700,9.9194,-0.0524,-0.0600,0.0153,-38.63,76.31,104.50,6.9261,6.0272,1.6185,9.3230
11,10,1,3,2,42.184,42184,5.6800,7.5500,1.9400,9.6451,-0.0327,-0.0033,-0.0720,-37.88,76.56,104.13,6.7619,6.2279,1.6608,9.3418
11,10,1,3,2,42.357,42357,6.4400,8.3400,1.6200,10.6608,0.0458,0.0469,-0.0753,-37.88,76.81,103.94,6.7195,6.5062,1.6554,9.4986
11,10,1,3,2,42.487,42487,5.5800,8.5100,1.8400,10.3413,0.1102,0.0458,-0.3382,-35.44,76.94,100.75,6.5693,6.7703,1.6798,9.5820
11,10,1,3,2,42.617,42617,5.9300,7.8400,1.9600,10.0236,0.1200,0.0480,0.2629,-35.50,76.31,100.13,6.4851,6.9112,1.7167,9.6316
11,10,1,3,2,42.747,42747,6.2300,7.4300,1.9600,9.8924,0.0600,0.0076,0.1036,-37.19,75.50,101.38,6.4515,6.9796,1.7488,9.6641
11,10,1,3,2,42.877,42877,6.2800,7.3200,2.1000,9.8707,0.0382,0.0022,0.0731,-37.88,75.06,101.88,6.4289,7.0244,1.7950,9.6900
11,10,1,3,2,43.008,43008,5.7200,7.3400,2.0100,9.5202,-0.0175,0.0087,-0.1473,-37.19,75.13,101.13,6.3355,7.0660,1.8234,9.6639
11,10,1,3,2,43.138,43138,5.8500,7.3100,1.9400,9.5615,-0.0654,-0.0109,-0.0916,-37.06,75.50,101.13,6.2715,7.0982,1.8387,9.6487
11,10,1,3,2,43.269,43269,6.0400,7.7300,1.8300,9.9791,-0.0742,0.0065,-0.0251,-36.38,76.13,100.69,6.2410,7.1814,1.8376,9.6902
11,10,1,3,2,43.442,43442,5.9300,8.3300,1.7700,10.3772,-0.0622,-0.0229,-0.2902,-34.88,77.19,99.50,6.2000,7.3328,1.8287,9.7752
11,10,1,3,2,43.573,43573,4.5100,8.2700,1.4600,9.5323,0.0109,-0.0338,-0.4254,-32.50,77.56,97.38,5.9773,7.4563,1.7801,9.7208
11,10,1,3,2,43.703,43703,5.5800,8.8700,2.0400,10.6759,0.0251,-0.0055,0.1811,-31.69,77.38,96.63,5.9250,7.6426,1.8143,9.8390
11,10,1,3,2,43.834,43834,5.0100,8.9400,1.9300,10.4283,0.0196,0.0011,-0.1734,-31.50,77.25,96.44,5.8044,7.8135,1.8296,9.9040
11,10,1,3,2,43.964,43964,4.9700,8.6000,1.6900,10.0756,0.0600,0.0218,0.1974,-31.50,77.19,96.25,5.6944,7.9172,1.8112,9.9191
11,10,1,3,2,44.094,44094,5.2000,8.4900,1.8000,10.1173,0.1025,0.0305,0.3316,-32.50,76.75,96.88,5.6293,7.9927,1.8097,9.9422
11,10,1,3,2,44.224,44224,5.2700,7.4400,1.7700,9.2876,0.0916,0.0196,0.5378,-35.81,75.63,99.81,5.5819,7.9198,1.8045,9.8559
11,10,1,3,2,44.354,44354,5.2800,6.1000,1.5100,8.2078,0.0273,0.0884,0.4865,-39.38,74.75,102.88,5.5422,7.6800,1.7657,9.6341
11,10,1,3,2,44.527,44527,6.0800,5.7300,2.2100,8.6420,-0.0251,0.0305,0.5978,-44.56,74.31,107.81,5.6130,7.4231,1.8242,9.4834
11,10,1,3,2,44.657,44657,6.5400,5.7400,1.9800,8.9241,-0.0185,0.0687,0.4800,-47.69,73.69,110.94,5.7352,7.2013,1.8448,9.3890
11,10,1,3,2,44.788,44788,7.4300,5.3300,1.7900,9.3176,0.0284,0.0393,0.5040,-51.56,72.75,114.63,5.9585,6.9547,1.8375,9.3407
11,10,1,3,2,44.918,44918,8.0500,4.7200,1.5700,9.4629,0.0240,0.0644,0.2411,-54.50,71.75,117.38,6.2341,6.6602,1.8023,9.2990
11,10,1,3,2,45.049,45049,7.8100,5.1000,1.6900,9.4796,0.0164,0.0676,-0.1156,-54.88,72.31,117.19,6.4418,6.4546,1.7875,9.2927
11,10,1,3,2,45.179,45179,8.0200,5.0700,1.6300,9.6272,-0.0175,0.0196,0.2683,-55.44,72.56,117.56,6.6497,6.2722,1.7667,9.3102
11,10,1,3,2,45.309,45309,8.4700,4.9100,1.6100,9.9217,-0.0251,-0.0218,0.1091,-57.31,71.75,119.69,6.8896,6.0927,1.7461,9.3614
11,10,1,3,2,45.439,45439,7.9700,4.7800,1.6200,9.4336,-0.0185,-0.0327,-0.0120,-57.13,71.69,119.69,7.0320,5.9197,1.7295,9.3532
11,10,1,3,2,45.613,45613,8.0700,4.8300,1.6400,9.5469,-0.0153,-0.0164,-0.0611,-57.31,71.25,120.13,7.1688,5.7761,1.7177,9.3651
11,10,1,3,2,45.748,45748,7.8900,5.0400,1.7600,9.5263,-0.0120,0.0055,-0.0142,-56.75,71.63,119.69,7.2638,5.6791,1.7233,9.3800
11,10,1,3,2,45.879,45879,8.2900,4.9500,1.7500,9.8127,-0.0284,-0.0076,-0.0894,-56.94,71.56,119.94,7.3990,5.5830,1.7268,9.4285
